80x10001;0;0
1;0;70
1;20;0
1;20;70
1;40;0
1;40;70
1;60;0
1;60;70
1;80;0
1;80;70
1;100;0
1;100;70
1;120;0
1;120;70
1;140;0
1;140;70
1;160;0
1;160;70
1;180;0
1;180;70
1;200;0
1;200;70
1;220;0
1;220;70
1;240;0
1;240;70
1;260;0
1;260;70
1;280;0
1;280;70
1;300;0
1;300;70
1;320;0
1;320;70
1;340;0
1;340;70
1;360;0
1;360;70
1;380;0
1;380;70
1;400;0
1;400;70
1;420;0
1;420;70
1;440;0
1;440;70
1;460;0
1;460;70
1;480;0
1;480;70
1;500;0
1;500;70
1;520;0
1;520;70
1;540;0
1;540;70
1;560;0
1;560;70
1;580;0
1;580;70
1;600;0
1;600;70
1;620;0
1;620;70
1;640;0
1;640;70
1;660;0
1;660;70
1;680;0
1;680;70
1;700;0
1;700;70
1;720;0
1;720;70
1;740;0
1;740;70
1;760;0
1;760;70
1;780;0
1;780;70
1;800;0
1;800;70
1;820;0
1;820;70
1;840;0
1;840;70
1;860;0
1;860;70
1;880;0
1;880;70
1;900;0
1;900;70
1;920;0
1;920;70
1;940;0
1;940;70
1;960;0
1;960;70
1;980;0
1;980;70
1;1000;0
1;1000;70
